37232
21918
35799
32316
31671
31672
31675
31664
31674
31670
36327
35055
35979
31013 / 36341
31555
19318
32321 / 78237
36586
38317
32228
32229
32230
31978
31894
38743
31614
31888
35068
32852
32851
35067
163434
163435
163519 / 163518
163203
163204
31984
106766
122646
146245
32103
106767
121661
32627 / 32883 / 78727 / 116913
163605
163205
163206
31913 / 35033
146985
146986
31896
35050
31293
31264
38446
39115
31892
31891
31020
36573
31018
159576
122267
35069
35070
108278
31602
107355
35981
31592
36132
36925
19317
36539 / 156108
